2.0518242034382874
6.633543193212685
0.34632188352482096
0.49952518698559345
9.269553055581298
2.411803664030404
13.285720250610026
7.039251694905437
7.393209335425526
8.193764412988257
0.08449294713130939
13.142177159047428
5.584686940681912
7.372100434499014
7.491323992829685
11.532198671226695
13.344274824672603
16.594636918300516
7.356239108376483
10.861553351971002
11.0334802275195
17.628989318622903
-4.189224779460634
18.269000612772036
5.844564274130423
3.3767417830073985
4.022085460345815
3.118445729361312
12.476023845893694
5.251040639126562
10.742615680568843
8.375370591910222
13.915835601508629
13.25358289819704
9.57489408439845
16.273328803136856
11.074252681516562
16.269417419439865
4.462908786944481
7.594437674002913
-2.037461028682795
8.733109097144194
14.730423029719725
14.929907245945904
11.461797762302632
5.702913405352568
17.355903501572286
4.575353153529823
7.578228471619046
14.34214929477189
8.425460499725775
-1.9841139150191154
17.264689528472786
4.856695119861911
18.686329060490646
14.8328015523225
11.401059712309937
18.22885145872077
17.91098917956218
9.534525875726505
12.971453509540858
10.740442938409483
18.63232246243245
6.37005569277684
9.924941635938763
11.139668040609294
14.765418240669216
6.4767961600170745
12.485199011055688
12.037065368992337
14.073061267657387
4.247650506119712
11.747534220746683
9.532912461639517
17.427194615620063
13.02350970981719
9.492891075518349
1.8131277127604157
12.933859711088987
2.9869554724939373
9.007780784709892
-2.048927716325055
8.304961847490677
15.580640874537645
3.3587386576166542
17.85289303658041
15.052534518708832
6.88807111070413
8.35891518547017
13.280905112419992
6.263189730054707
20.439974414626946
6.746492825811285
7.997269424385342
9.586065923338685
8.207506502888704
13.194167469876003
8.700197866453413
1.738190382478205
7.104379195788329